[
  {
    "name": "th",
    "gender": "man",
    "age": 35,
    "weight": 54.0,
    "rpm": [
      0.0,
      0.0,
      0.0,
      0.0,
      0.0,
      0.0,
      0.0,
      0.0,
      0.0,
      0.0,
      0.0,
      0.0,
      10.0,
      16.0,
      17.0,
      20.0,
      22.0,
      24.0,
      26.0,
      27.0,
      27.0,
      29.0,
      29.0,
      32.0,
      33.0,
      33.0,
      39.0,
      39.0,
      39.0,
      39.0,
      39.0,
      41.0,
      41.0
    ],
    "speed": [
      0.0,
      0.0,
      0.0,
      0.0,
      0.0,
      0.0,
      0.0,
      0.0,
      0.0,
      0.0,
      1.0,
      3.0,
      5.0,
      8.0,
      10.0,
      11.0,
      12.0,
      12.0,
      13.0,
      13.0,
      14.0,
      15.0,
      15.0,
      16.0,
      16.0,
      17.0,
      17.0,
      17.0,
      17.0,
      17.0,
      17.0,
      16.0,
      16.0
    ],
    "bpm": []
  }
]